7697605
7697611
7697612
7697626
7697641
7697655
7697664
7697671
7697675
7697715
7697725
7697741
7697757
7697770
7697772
7697775
7697781
7697782
7697786
7697794
7697800
7697801
7697805
7697808
7697818
7697821
7697834
7697852
7697862
7697864
7697866
7697874
7697899
7697914
7697949
7697954
7697971
7697982
7697988
7697990
7698027
7698035
7698038
7698045
7698053
7698060
7698064
7698089
7698119
7698123
7698125
7698150
7698177
7698226
7698231
7698260
7698269
7698285
7698316
7698333
7698357
7698412
7698422
7698431
7698445
7698448
7698468
7698471
7698488
7698519
7698539
7698542
7698547
7698548
7698561
7698565
7698572
7698589
7698591
7698613
7698621
7698624
7698625
7698650
7698660
7698663
7698679
7698684
7698693
7698706
7698713
7698739
7698749
7698767
7698773
7698797
7698810
7698812
7698822
7698837
7698846
7698877
7698885
7698898
7698940
7698941
7698956
7698957
7698966
7698994
7699003
7699027
7699045
7699050
7699051
7699086
7699094
7699123
7699125
7699145
7699151
7699160
7699200
7699208
7699238
7699283
7699284
7699325
7699342
7699352
7699356
7699367
7699372
7699375
7699376
7699381
7699389
7699406
7699416
7699418
7699421
7699436
7699445
7699454
7699458
7699478
7699484
7699498
7699528
7699557
7699595
7699598
7699626
7699629
7699631
7699656
7699663
7699672
7699683
7699695
7699710
7699718
7699721
7699725
7699734
7699736
7699739
7699740
7699758
7699771
7699785
7699794
7699807
7699811
7699813
7699834
7699856
7699860
7699869
7699872
7699888
7699893
7699896
7699897
7699902
7699904
7699909
7699917
7699925
7699943
7699944
7699959
7699963
7699979
7699992
7700009
7700010
7700047
7700068
7700069
7700071
7700079
7700082
7700091
7700112
7700117
7700118
7700130
7700153
7700160
7700161
7700164
7700170
7700184
7700190
7700193
7700195
7700204
7700218
7700223
7700233
7700239
7700240
7700253
7700255
7700258
7700274
7700283
7700288
7700292
7700299
7700301
7700306
7700327
7700335
7700343
7700345
7700375
7700376
7700389
7700398
7700417
7700429
7700439
7700443
7700446
7700494
7700508
7700509
7700518
7700521
7700531
7700550
7700551
7700563
7700570
7700577
7700578
7700614
7700619
7700644
7700675
7700683
7700689
7700692
7700698
7700705
7700751
7700759
7700766
7700767
7700774
7700784
7700787
7700792
7700794
7700797
7700798
7700801
7700826
7700839
7700848
7700859
7700864
7700870
7700874
7700876
7700886
7700890
7700893
7700903
7700907
7700908
7700912
7700914
7700918
7700922
7700938
7700942
7700943
7700958
7700977
7700978
7700981
7701000
7701005
7701010
7701020
7701023
7701029
7701047
7701049
7701053
7701084
7701090
7701091
7701108
7701113
7701139
7701140
7701147
7701154
7701207
7701212
7701215
7701219
7701222
7701225
7701230
7701239
7701249
7701257
7701271
7701281
7701284
7701291
7701293
7701295
7701302
7701308
7701313
7701317
7701321
7701322
7701324
7701361
7701362
7701395
7701404
7701405
7701409
7701420
7701435
7701461
7701464
7701467
7701470
7701471
7701476
7701480
7701484
7701489
7701504
7701540
7701543
7701548
7701550
7701554
7701569
7701581
7701587
7701600
7701614
7701615
7701622
7701630
7701631
7701639
7701643
7701646
7701650
7701656
7701710
7701711
7701742
7701760
7701761
7701773
7701778
7701792
7701797
7701798
7701819
7701848
7701849
7701863
7701866
7701897
7701908
7701911
7701920
7701940
7701944
7701946
7701948
7701974
7701981
7701983
7701992
7702007
7702010
7702021
7702022
7702025
7702049
7702053
7702055
7702063
7702080
7702085
7702089
7702113
7702115
7702129
7702144
7702152
7702170
7702188
7702194
7702201
7702207
7702243
7702244
7702245
7702253
7702255
7702307
7702313
7702354
7702369
7702396
7702398
7702402
7702404
7702416
7702425
7702434
7702449
7702455
7702470
7702481
7702498
7702502
7702522
7702542
7702556
7702566
7702568
7702574
7702589
7702592
7702594
7702595
7702597
7702640
7702665
7702685
7702705
7702706
7702711
7702746
7702749
7702772
7702775
7702777
7702780
7702785
7702788
7702805
7702821
7702855
7702859
7702865
7702868
7702892
7702893
7702894
7702907
7702910
7702920
7702972
7702975
7702996
7703002
7703010
7703024
7703028
7703040
7703041
7703068
7703104
7703165
7703167
7703171
7703176
7703242
7703243
7703254
7703270
7703306
7703314
7703318
7703321
7703340
7703341
7703357
7703372
7703404
7703414
7703418
7703442
7703453
7703461
7703468
7703475
7703487
7703488
7703493
7703520
7703569
7703577
7703598
7703611
7703621
7703634
7703644
7703674
7703682
7703690
7703717
7703746
7703762
7703770
7703788
7703797
7703799
7703802
7703856
7703877
7703892
7703893
7703957
7703977
7704032
7704054
7704085
7704125
7704150
7704196
7704202
7704262
7704270
7704284
7704288
7704294
7704301
7704310
7704332
7704334
7704336
7704359
7704363
7704372
7704373
7704409
7704459
7704468
7704492
7704495
7704526
7704531
7704548
7704575
7704625
7704629
7704646
7704651
7704690
7704704
7704706
7704714
7704734
7704775
7704801
7704828
7704848
7704863
7704906
7704954
7704964
7704977
7704989
7704996
7705000
7705034
7705039
7705068
7705072
7705093
7705099
7705107
7705126
7705133
7705145
7705159
7705160
7705192
7705208
7705225
7705262
7705281
7705292
7705317
7705333
7705386
7705419
7705421
7705423
7705481
7705492
7705531
7705535
7705538
7705542
7705571
7705580
7705584
7705589
7705593
7705602
7705606
7705618
7705624
7705631
7705635
7705648
7705664
7705667
7705682
7705698
7705728
7705734
7705738
7705752
7705762
7705764
7705766
7705771
7705786
7705795
7705828
7705831
7705840
7705854
7705856
7705862
7705883
7705895
7705906
7705912
7705919
7705924
7705934
7705938
7705947
7705955
7705960
7705962
7705971
7705972
7705983
7706004
7706010
7706022
7706038
7706074
7706090
7706115
7706123
7706129
7706131
7706132
7706134
7706137
7706141
7706163
7706174
7706215
7706223
7706238
7706240
7706257
7706290
7706305
7706325
7706337
7706340
7706362
7706365
7706373
7706380
7706386
7706391
7706414
7706424
7706427
7706438
7706443
7706448
7706468
7706488
7706500
7706510
7706514
7706522
7706529
7706536
7706542
7706557
7706564
7706568
7706572
7706583
7706594
7706597
7706598
7706633
7706638
7706650
7706713
7706739
7706758
7706771
7706777
7706806
7706809
7706815
7706841
7706853
7706856
7706857
7706876
7706877
7706888
7706911
7706917
7706924
7706926
7706929
7706961
7706962
7706965
7707003
7707017
7707020
7707021
7707025
7707031
7707034
7707059
7707076
7707095
7707145
7707146
7707147
7707151
7707155
7707162
7707165
7707182
7707215
7707230
7707290
7707342
7707347
7707349
7707351
7707370
7707387
7707405
7707414
7707447
7707472
7707477
7707489
7707497
7707507
7707529
7707556
7707557
7707559
7707562
7707566
7707575
7707584
7707587
7707591
7707598
7707646
7707653
7707655
7707663
7707671
7707685
7707690
7707709
7707721
7707738
7707744
7707747
7707756
7707765
7707787
7707789
7707790
7707808
7707832
7707839
7707870
7707885
7707898
7707907
7707909
7707918
7707921
7707944
7707947
7707980
7707981
7708015
7708040
7708051
7708062
7708075
7708134
7708170
7708188
7708196
7708226
7708241
7708245
7708248
7708249
7708255
7708256
7708260
7708264
7708265
7708273
7708283
7708295
7708296
7708316
7708337
7708340
7708391
7708398
7708404
7708405
7708409
7708417
7708426
7708433
7708438
7708445
7708463
7708467
7708477
7708478
7708487
7708507
7708517
7708518
7708519
7708532
7708554
7708562
7708580
7708587
7708589
7708597
7708598
7708602
7708603
7708605
7708608
7708611
7708613
7708616
7708618
7708624
7708625
7708628
7708630
7708638
7708641
7708652
7708665
7708669
7708670
7708680
7708681
7708687
7708692
7708695
7708714
7708717
7708721
7708732
7708745
7708756
7708767
7708800
7708808
7708826
7708862
7708872
7708878
7708880
7708891
7708912
7708921
7708930
7708951
7708991
7709001
7709030
7709032
7709047
7709052
7709071
7709076
7709081
7709086
7709090
7709094
7709095
7709106
7709108
7709118
7709125
7709153
7709158
7709166
7709177
7709222
7709235
7709259
7709261
7709287
7709295
7709303
7709307
7709327
7709345
7709354
7709359
7709360
7709364
7709376
7709378
7709386
7709387
7709390
7709392
7709397
7709402
7709418
7709423
7709432
7709435
7709443
7709450
7709451
7709459
7709469
7709471
7709490
7709505
7709506
7709517
7709518
7709519
7709526
7709530
7709532
7709541
7709559
7709563
7709600
7709602
7709603
7709621
7709624
7709639
7709642
7709646
7709664
7709668
7709676
7709701
7709710
7709715
7709718
7709720
7709744
7709761
7709763
7709768
7709775
7709777
7709779
7709782
7709786
7709796
7709815
7709817
7709821
7709822
7709841
7709845
7709849
7709864
7709883
7709889
7709892
7709896
7709901
7709905
7709917
7709923
7709942
7709946
7709948
7709955
7709957
7709959
7709974
7709977
7709979
7709990
7710002
7710003
7710010
7710012
7710016
7710023
7710038
7710044
7710051
7710053
7710060
7710073
7710079
7710104
7710107
7710110
7710129
7710134
7710137
7710140
7710142
7710152
7710154
7710159
7710164
7710165
7710169
7710173
7710175
7710179
7710180
7710185
7710186
7710191
7710206
7710218
7710219
7710231
7710233
7710243
7710254
7710283
7710293
7710308
7710310
7710314
7710332
7710333
7710340
7710343
7710345
7710350
7710370
7710378
7710409
7710415
7710418
7710434
7710440
7710450
7710475
7710491
7710503
7710506
7710508
7710512
7710525
7710540
7710542
7710558
7710568
7710569
7710587
7710597
7710600
7710601
7710624
7710634
7710636
7710657
7710683
7710696
7710706
7710709
7710721
7710723
7710767
7710786
7710805
7710808
7710817
7710819
7710839
7710840
7710873
7710899
7710901
7710925
7710929
7710962
7710963
7710965
7710975
7710982
7711000
7711003
7711021
7711035
7711050
7711065
7711074
7711078
7711116
7711119
7711136
7711139
7711151
7711156
7711157
7711191
7711194
7711206
7711207
7711212
7711238
7711277
7711317
7711345
7711350
7711362
7711364
7711368
7711369
7711379
7711415
7711430
7711434
7711449
7711460
7711488
7711491
7711495
7711500
7711516
7711528
7711532
7711544
7711548
7711564
7711568
7711605
7711648
7711667
7711669
7711676
7711681
7711683
7711697
7711707
7711708
7711714
7711749
7711759
7711779
7711808
7711820
7711827
7711850
7711881
7711885
7711907
7711913
7711923
7711931
7711933
7711937
7711961
7711967
7711974
7711975
7712003
7712005
7712019
7712041
7712045
7712046
7712050
7712057
7712061
7712064
7712070
7712071
7712081
7712086
7712087
7712089
7712095
7712110
7712111
7712112
7712129
7712132
7712137
7712143
7712144
7712147
7712158
7712160
7712161
7712174
7712177
7712204
7712206
7712218
7712229
7712231
7712238
7712247
7712262
7712265
7712279
7712284
7712303
7712307
7712308
7712316
7712319
7712336
7712361
7712380
7712385
7712392
7712414
7712416
7712425
7712427
7712434
7712449
7712456
7712463
7712488
7712503
7712513
7712543
7712548
7712563
7712578
7712583
7712588
7712598
7712600
7712623
7712627
7712632
7712633
7712646
7712651
7712658
7712661
7712664
7712684
7712696
7712700
7712702
7712708
7712713
7712715
7712727
7712731
7712744
7712749
7712750
7712754
7712763
7712774
7712781
7712784
7712788
7712790
7712804
7712812
7712818
7712822
7712824
7712836
7712848
7712849
7712863
7712866
7712883
7712905
7712922
7712923
7712928
7712933
7712937
7712939
7712940
7712957
7712964
7712972
7712974
7712975
7712994
7712996
7713001
7713011
7713017
7713035
7713041
7713044
7713051
7713053
7713064
7713075
7713090
7713100
7713110
7713111
7713115
7713128
7713134
7713138
7713149
7713166
7713169
7713177
7713209
7713219
7713223
7713234
7713249
7713254
7713284
7713287
7713289
7713294
7713297
7713326
7713329
7713351
7713364
7713365
7713371
7713385
7713404
7713429
7713434
7713450
7713452
7713459
7713465
7713488
7713497
7713522
7713534
7713552
7713553
7713561
7713579
7713585
7713595
7713597
7713606
7713613
7713618
7713622
7713628
7713635
7713644
7713649
7713655
7713664
7713666
7713669
7713692
7713698
7713719
7713728
7713738
7713749
7713775
7713778
7713781
7713800
7713804
7713809
7713811
7713816
7713835
7713841
7713844
7713859
7713862
7713905
7713916
7713919
7713941
7713942
7713945
7713963
7713966
7713981
7714007
7714023
7714030
7714031
7714036
7714045
7714048
7714051
7714055
7714070
7714074
7714075
7714083
7714087
7714093
7714096
7714099
7714118
7714122
7714124
7714128
7714130
7714140
7714145
7714154
7714155
7714165
7714170
7714177
7714180
7714182
7714187
7714193
7714205
7714213
7714218
7714220
7714225
7714231
7714238
7714239
7714248
7714261
7714262
7714263
7714265
7714270
7714271
7714281
7714287
7714295
7714302
7714318
7714319
7714349
7714350
7714356
7714360
7714363
7714374
7714392
7714393
7714396
7714403
7714405
7714420
7714430
7714431
7714443
7714448
7714456
7714489
7714496
7714503
7714505
7714522
7714523
7714524
7714537
7714551
7714565
7714569
7714579
7714584
7714592
7714609
7714615
7714626
7714627
7714630
7714658
7714674
7714680
7714685
7714688
7714706
7714708
7714711
7714717
7714722
7714732
7714734
7714756
7714758
7714760
7714761
7714783
7714801
7714806
7714816
7714825
7714826
7714830
7714840
7714858
7714868
7714877
7714882
7714912
7714916
7714920
7714928
7714938
7714939
7714953
7714957
7714961
7714966
7714982
7714987
7714989
7714993
7714994
7714999
7715007
7715056
7715059
7715083
7715084
7715088
7715090
7715100
7715108
7715111
7715131
7715155
7715165
7715170
7715171
7715174
7715175
7715176
7715177
7715182
7715205
7715207
7715212
7715222
7715229
7715240
7715273
7715287
7715297
7715309
7715311
7715313
7715314
7715317
7715321
7715335
7715345
7715347
7715359
7715384
7715411
7715420
7715421
7715440
7715461
7715463
7715477
7715478
7715486
7715500
7715512
7715513
7715524
7715540
7715547
7715549
7715553
7715554
7715559
7715578
7715579
7715589
7715592
7715601
7715606
7715641
7715645
7715658
7715661
7715672
7715680
7715685
7715705
7715707
7715714
7715722
7715728
7715737
7715751
7715775
7715781
7715782
7715789
7715802
7715806
7715812
7715823
7715827
7715845
7715865
7715867
7715872
7715888
7715906
7715909
7715915
7715917
7715942
7715962
7715967
7715973
7716013
7716030
7716042
7716052
7716055
7716060
7716072
7716092
7716099
7716124
7716130
7716155
7716160
7716173
7716177
7716197
7716210
7716230
7716235
7716253
7716265
7716267
7716277
7716284
7716291
7716293
7716308
7716323
7716346
7716358
7716360
7716370
7716377
7716387
7716397
7716415
7716421
7716428
7716431
7716445
7716459
7716460
7716476
7716478
7716517
7716518
7716522
7716529
7716530
7716541
7716550
7716557
7716582
7716602
7716604
7716618
7716620
7716642
7716644
7716648
7716660
7716663
7716674
7716676
7716677
7716682
7716688
7716689
7716697
7716708
7716713
7716720
7716731
7716734
7716736
7716742
7716743
7716749
7716753
7716763
7716778
7716788
7716791
7716807
7716808
7716812
7716814
7716818
7716820
7716826
7716827
7716842
7716845
7716848
7716850
7716856
7716862
7716864
7716866
7716868
7716870
7716872
7716880
7716885
7716929
7716931
7716973
7716975
7716993
7716995
7716998
7716999
7717002
7717018
7717019
7717024
7717032
7717037
7717046
7717052
7717074
7717076
7717088
7717092
7717093
7717113
7717119
7717123
7717125
7717130
7717132
7717133
7717144
7717163
7717190
7717207
7717214
7717215
7717221
7717231
7717235
7717236
7717242
7717245
7717250
7717257
7717263
7717272
7717276
7717280
7717287
7717291
7717292
7717305
7717312
7717313
7717334
7717341
7717343
7717370
7717414
7717424
7717468
7717480
7717481
7717489
7717491
7717506
7717507
7717514
7717517
7717525
7717531
7717549
7717557
7717578
7717587
7717595
7717601
7717606
7717612
7717615
7717620
7717627
7717629
7717640
7717646
7717650
7717658
7717663
7717669
7717674
7717675
7717680
7717681
7717693
7717695
7717708
7717712
7717715
7717738
7717740
7717747
7717751
7717759
7717762
7717765
7717767
7717769
7717773
7717809
7717812
7717815
7717817
7717829
7717832
7717836
7717840
7717844
7717848
7717854
7717857
7717878
7717908
7717917
7717922
7717928
7717935
7717940
7717950
7717952
7717970
7717976
7717977
7717979
7717981
7717983
7717985
7717986
7718046
7718063
7718069
7718117
7718134
7718149
7718188
7718199
7718201
7718203
7718220
7718226
7718240
7718248
7718254
7718261
7718283
7718286
7718289
7718298
7718310
7718370
7718372
7718408
7718429
7718433
7718443
7718451
7718461
7718472
7718473
7718490
7718500
7718506
7718511
7718514
7718515
7718527
7718539
7718561
7718567
7718573
7718574
7718585
7718589
7718597
7718600
7718603
7718620
7718628
7718633
7718642
7718658
7718659
7718660
7718688
7718691
7718710
7718712
7718727
7718731
7718733
7718745
7718750
7718774
7718775
7718788
7718798
7718810
7718820
7718873
7718874
7718883
7718894
7718899
7718900
7718914
7718919
7718940
7718982
7719001
7719010
7719016
7719021
7719029
7719033
7719047
7719059
7719063
7719101
7719115
7719139
7719140
7719153
7719170
7719174
7719190
7719193
7719202
7719219
7719228
7719248
7719259
7719265
7719312
7719314
7719323
7719344
7719350
7719357
7719386
7719421
7719458
7719476
7719489
7719502
7719513
7719516
7719525
7719528
7719532
7719542
7719546
7719562
7719568
7719611
7719637
7719652
7719664
7719671
7719682
7719689
7719697
7719712
7719723
7719730
7719756
7719759
7719762
7719765
7719770
7719773
7719777
7719782
7719802
7719813
7719836
7719855
7719860
7719872
7719874
7719881
7719889
7719895
7719897
7719901
7719905
7719906
7719909
7719913
7719917
7719922
7719940
7719963
7719976
7719983
7719989
7719994
7720003
7720006
7720013
7720015
7720017
7720022
7720028
7720029
7720031
7720036
7720054
7720055
7720061
7720067
7720076
7720084
7720085
7720089
7720130
7720131
7720132
7720133
7720140
7720162
7720166
7720170
7720173
7720181
7720183
7720188
7720189
7720196
7720198
7720200
7720204
7720211
7720225
7720229
7720237
7720239
7720243
7720255
7720263
7720275
7720278
7720283
7720291
7720292
7720296
7720307
7720312
7720317
7720319
7720320
7720325
7720329
7720332
7720335
7720337
7720342
7720350
7720354
7720361
7720371
7720374
7720380
7720385
7720387
7720389
7720398
7720399
7720404
7720408
7720409
7720412
7720417
7720434
7720438
7720444
7720450
7720465
7720479
7720492
7720495
7720519
7720531
7720543
7720545
7720554
7720572
7720574
7720578
7720584
7720594
7720600
7720617
7720619
7720686
7720731
7720739
7720744
7720762
7720770
7720774
7720795
7720796
7720823
7720839
7720852
7720853
7720857
7720877
7720880
7720884
7720887
7720898
7720908
7720923
7720935
7720964
7720970
7720979
7720992
7720999
7721010
7721036
7721038
7721099
7721104
7721108
7721112
7721127
7721143
7721147
7721157
7721179
7721185
7721192
7721207
7721232
7721236
7721262
7721263
7721274
7721290
7721296
7721320
7721333
7721338
7721352
7721353
7721356
7721358
7721366
7721367
7721402
7721419
7721421
7721436
7721437
7721438
7721448
7721453
7721490
7721493
7721499
7721500
7721511
7721513
7721514
7721515
7721542
7721545
7721546
7721553
7721561
7721574
7721592
7721594
7721600
7721601
7721610
7721622
7721632
7721638
7721647
7721661
7721662
7721668
7721679
7721689
7721707
7721715
7721716
7721723
7721726
7721733
7721746
7721749
7721753
7721758
7721794
7721797
7721848
7721855
7721860
7721864
7721892
7721905
7721911
7721922
7721927
7721930
7721932
7721939
7721960
7721965
7721975
7721980
7721992
7721996
7722022
7722028
7722042
7722049
7722059
7722078
7722092
7722096
7722097
7722099
7722101
7722106
7722108
7722118
7722136
7722138
7722140
7722149
7722159
7722170
7722179
7722184
7722224
7722226
7722237
7722240
7722269
7722270
7722272
7722310
7722325
7722381
7722390
7722417
7722440
7722496
7722523
7722531
7722536
7722544
7722546
7722619
7722622
7722624
7722634
7722637
7722653
7722669
7722672
7722678
7722710
7722714
7722728
7722740
7722751
7722776
7722783
7722787
7722792
7722796
7722799
7722811
7722816
7722823
7722827
7722842
7722844
7722845
7722858
7722867
7722892
7722893
7722901
7722929
7722930
7722965
7722968
7722996
7723026
7723060
7723063
7723119
7723149
7723161
7723165
7723170
7723208
7723216
7723228
7723247
7723249
7723250
7723262
7723266
7723271
7723272
7723281
7723283
7723284
7723285
7723293
7723294
7723307
7723315
7723316
7723319
7723342
7723356
7723368
7723397
7723402
7723413
7723430
7723434
7723440
7723447
7723458
7723466
7723472
7723474
7723482
7723485
7723496
7723510
7723517
7723524
7723558
7723568
7723575
7723577
7723579
7723586
7723592
7723602
7723606
7723617
7723629
7723636
7723638
7723643
7723663
7723676
7723680
7723686
7723687
7723708
7723709
7723713
7723726
7723741
7723772
7723785
7723793
7723794
7723802
7723826
7723833
7723845
7723851
7723854
7723856
7723859
7723860
7723862
7723865
7723878
7723919
7723924
7723926
7723937
7723946
7723949
7723956
7723963
7723965
7723972
7723979
7723981
7723983
7723985
7723997
7724006
7724008
7724030
7724036
7724045
7724053
7724060
7724082
7724083
7724107
7724108
7724113
7724132
7724161
7724167
7724177
7724208
7724220
7724223
7724232
7724247
7724249
7724252
7724255
7724257
7724263
7724264
7724268
7724278
7724282
7724288
7724289
7724302
7724305
7724312
7724321
7724325
7724358
7724359
7724361
7724363
7724383
7724385
7724393
7724413
7724414
7724424
7724427
7724469
7724474
7724495
7724496
7724501
7724512
7724513
7724517
7724521
7724525
7724545
7724549
7724550
7724559
7724562
7724564
7724580
7724583
7724597
7724604
7724636
7724642
7724647
7724652
7724664
7724668
7724703
7724708
7724713
7724743
7724754
7724756
7724763
7724783
7724787
7724802
7724812
7724815
7724829
7724843
7724855
7724872
7724880
7724893
7724894
7724903
7724908
7724918
7724919
7724923
7724924
7724940
7724944
7724947
7724959
7724964
7724968
7724974
7724994
7724998
7725004
7725030
7725037
7725053
7725066
7725083
7725087
7725089
7725096
7725118
7725124
7725127
7725128
7725132
7725143
7725158
7725171
7725180
7725195
7725213
7725217
7725226
7725227
7725229
7725231
7725236
7725244
7725246
7725248
7725252
7725259
7725267
7725290
7725293
7725295
7725299
7725319
7725325
7725335
7725336
7725337
7725352
7725360
7725364
7725369
7725383
7725386
7725400
7725411
7725412
7725415
7725444
7725451
7725457
7725460
7725472
7725473
7725499
7725516
7725518
7725519
7725520
7725524
7725557
7725560
7725565
7725581
7725587
7725601
7725612
7725637
7725638
7725646
7725659
7725671
7725695
7725696
7725702
7725704
7725707
7725710
7725734
7725754
7725765
7725773
7725783
7725787
7725788
7725808
7725815
7725819
7725831
7725839
7725845
7725846
7725848
7725856
7725877
7725894
7725899
7725925
7725935
7725949
7725950
7725958
7725959
7725967
7725976
7725980
7725990
7726001
7726007
7726016
7726020
7726021
7726023
7726042
7726046
7726048
7726050
7726051
7726060
7726065
7726067
7726072
7726083
7726086
7726093
7726113
7726117
7726118
7726134
7726139
7726158
7726181
7726184
7726211
7726212
7726225
7726235
7726236
7726252
7726257
7726258
7726281
7726282
7726288
7726297
7726303
7726306
7726308
7726312
7726320
7726323
7726326
7726332
7726371
7726390
7726391
7726392
7726393
7726394
7726399
7726401
7726432
7726441
7726461
7726480
7726495
7726497
7726517
7726531
7726532
7726561
7726562
7726579
7726581
7726583
7726585
7726599
7726613
7726618
7726635
7726657
7726672
7726676
7726679
7726692
7726710
7726713
7726728
7726738
7726752
7726759
7726775
7726790
7726797
7726804
7726812
7726829
7726835
7726870
7726878
7726893
7726894
7726920
7726945
7726978
7726979
7726983
7727020
7727036
7727057
7727090
7727097
7727099
7727103
7727109
7727113
7727132
7727149
7727159
7727175
7727185
7727196
7727200
7727229
7727244
7727252
7727260
7727266
7727274
7727282
7727285
7727353
7727360
7727363
7727370
7727371
7727384
7727397
7727398
7727405
7727406
7727409
7727417
7727418
7727423
7727429
7727433
7727436
7727440
7727441
7727448
7727451
7727491
7727509
7727510
7727513
7727525
7727537
7727539
7727544
7727587
7727600
7727602
7727619
7727636
7727670
7727695
7727700
7727737
7727741
7727751
7727789
7727792
7727809
7727819
7727837
7727840
7727849
7727851
7727863
7727875
7727895
7727911
7727917
7727921
7727938
7727943
7727948
7727953
7727955
7727976
7727992
7728015
7728038
7728040
7728055
7728063
7728064
7728070
7728071
7728073
7728077
7728079
7728081
7728090
7728121
7728139
7728154
7728160
7728161
7728164
7728171
7728185
7728193
7728199
7728202
7728216
7728240
7728252
7728259
7728279
7728284
7728289
7728295
7728304
7728318
7728338
7728349
7728365
7728366
7728371
7728377
7728392
7728394
7728404
7728410
7728418
7728420
7728422
7728430
7728442
7728446
7728450
7728451
7728454
7728465
7728468
7728475
7728479
7728483
7728491
7728498
7728499
7728526
7728535
7728538
7728541
7728546
7728554
7728556
7728589
7728596
7728600
7728610
7728615
7728622
7728629
7728641
7728653
7728654
7728668
7728677
7728701
7728720
7728761
7728780
7728812
7728815
7728830
7728845
7728868
7728880
7728914
7728938
7728939
7728950
7728954
7728955
7728975
7728997
7729000
7729004
7729010
7729029
7729035
7729044
7729057
7729061
7729073
7729096
7729129
7729139
7729141
7729143
7729151
7729164
7729172
7729186
7729188
7729199
7729211
7729227
7729244
7729277
7729301
7729305
7729310
7729314
7729327
7729346
7729351
7729352
7729380
7729388
7729416
7729422
7729436
7729440
7729443
7729463
7729464
7729472
7729513
7729515
7729523
7729524
7729527
7729557
7729562
7729570
7729588
7729604
7729605
7729606
7729614
7729619
7729622
7729640
7729649
7729653
7729654
7729660
7729679
7729684
7729698
7729709
7729725
7729729
7729746
7729757
7729763
7729779
7729811
7729829
7729848
7729861
7729863
7729866
7729873
7729877
7729884
7729889
7729891
7729899
7729910
7729912
7729917
7729926
7729927
7729937
7729957
7729967
7729987
7729998
7730030
7730032
7730034
7730041
7730042
7730043
7730051
7730053
7730084
7730094
7730096
7730107
7730116
7730150
7730155
7730163
7730168
7730205
7730229
7730236
7730242
7730251
7730261
7730263
7730309
7730312
7730315
7730321
7730324
7730335
7730336
7730345
7730351
7730379
7730389
7730392
7730405
7730413
7730454
7730459
7730488
7730490
7730505
7730516
7730552
7730578
7730583
7730604
7730606
7730619
7730629
7730634
7730639
7730642
7730651
7730653
7730658
7730684
7730696
7730713
7730729
7730744
7730756
7730763
7730767
7730786
7730807
7730808
7730818
7730822
7730843
7730856
7730863
7730868
7730886
7730895
7730900
7730916
7730917
7730921
7730926
7730934
7730957
7730961
7730970
7730996
7731014
7731024
7731039
7731054
7731075
7731079
7731083
7731090
7731095
7731102
7731109
7731122
7731133
7731138
7731156
7731163
7731170
7731172
7731189
7731194
7731237
7731242
7731246
7731288
7731295
7731316
7731340
7731351
7731355
7731384
7731388
7731392
7731402
7731416
7731433
7731437
7731442
7731462
7731512
7731523
7731562
7731580
7731594
7731611
7731626
7731644
7731647
7731650
7731654
7731698
7731703
7731706
7731709
7731717
7731724
7731743
7731750
7731754
7731766
7731780
7731790
7731812
7731813
7731824
7731831
7731853
7731878
7731888
7731902
7731905
7731907
7731924
7731932
7731934
7731940
7731943
7731945
7731968
7731978
7732014
7732015
7732020
7732024
7732034
7732041
7732042
7732046
7732056
7732058
7732070
7732077
7732087
7732103
7732108
7732111
7732116
7732117
7732123
7732132
7732141
7732148
7732154
7732160
7732167
7732168
7732183
7732187
7732193
7732196
7732199
7732201
7732204
7732208
7732229
7732230
7732249
7732259
7732303
7732307
7732314
7732317
7732322
7732327
7732368
7732369
7732386
7732410
7732439
7732449
7732459
7732473
7732505
7732509
7732515
7732527
7732529
7732532
7732535
7732538
7732545
7732546
7732565
7732585
7732588
7732600
7732612
7732622
7732627
7732653
7732659
7732660
7732661
7732676
7732681
7732687
7732690
7732733
7732759
7732763
7732775
7732794
7732796
7732811
7732828
7732837
7732840
7732871
7732878
7732889
7732906
7732918
7732929
7732947
7732952
7732961
7732965
7733036
7733037
7733039
7733043
7733061
7733074
7733077
7733080
7733097
7733126
7733131
7733141
7733150
7733163
7733169
7733170
7733190
7733195
7733202
7733204
7733212
7733239
7733240
7733252
7733260
7733261
7733279
7733290
7733302
7733308
7733336
7733365
7733372
7733374
7733375
7733377
7733382
7733389
7733390
7733391
7733400
7733403
7733432
7733436
7733443
7733449
7733450
7733455
7733463
7733467
7733477
7733490
7733502
7733503
7733514
7733534
7733572
7733586
7733590
7733608
7733619
7733631
7733633
7733637
7733643
7733646
7733654
7733656
7733679
7733684
7733704
7733708
7733725
7733750
7733759
7733782
7733802
7733811
7733814
7733826
7733838
7733841
7733852
7733857
7733867
7733873
7733908
7733914
7733977
7733983
7734010
7734019
7734020
7734022
7734037
7734048
7734058
7734064
7734065
7734070
7734074
7734077
7734080
7734089
7734090
7734092
7734094
7734097
7734099
7734108
7734114
7734119
7734122
7734128
7734132
7734133
7734140
7734142
7734144
7734150
7734159
7734161
7734163
7734170
7734176
7734181
7734184
7734187
7734205
7734223
7734248
7734265
7734272
7734279
7734290
7734291
7734305
7734311
7734314
7734324
7734346
7734357
7734374
7734378
7734381
7734388
7734394
7734401
7734404
7734409
7734411
7734434
7734470
7734475
7734484
7734485
7734488
7734504
7734508
7734537
7734550
7734561
7734569
7734575
7734583
7734628
7734670
7734681
7734704
7734717
7734721
7734727
7734735
7734758
7734759
7734799
7734810
7734811
7734825
7734844
7734861
7734862
7734912
7734924
7734968
7734970
7734991
7734992
7735003
7735007
7735022
7735024
7735073
7735093
7735101
7735112
7735136
7735157
7735168
7735178
7735197
7735204
7735215
7735222
7735247
7735253
7735285
7735307
7735351
7735352
7735366
7735377
7735426
7735427
7735442
7735447
7735470
7735472
7735475
7735478
7735489
7735497
7735510
7735514
7735543
7735549
7735567
7735571
7735577
7735595
7735599
7735616
7735632
7735635
7735643
7735649
7735659
7735666
7735685
7735686
7735689
7735701
7735702
7735709
7735715
7735716
7735733
7735751
7735761
7735764
7735802
7735817
7735818
7735829
7735842
7735849
7735873
7735893
7735923
7735934
7735956
7735978
7735994
7736010
7736019
7736025
7736041
7736052
7736080
7736116
7736124
7736128
7736138
7736148
7736236
7736247
7736292
7736329
7736330
7736362
7736370
7736402
7736410
7736442
7736447
7736451
7736452
7736480
7736514
7736526
7736553
7736571
7736583
7736604
7736606
7736616
7736621
7736635
7736642
7736648
7736655
7736656
7736661
7736692
7736701
7736702
7736703
7736704
7736707
7736716
7736726
7736733
7736749
7736751
7736765
7736769
7736770
7736795
7736805
7736821
7736826
7736841
7736869
7736873
7736889
7736895
7736904
7736919
7736921
7736959
7736985
7737005
7737010
7737033
7737040
7737056
7737069
7737082
7737084
7737087
7737114
7737115
7737131
7737160
7737161
7737166
7737177
7737240
7737246
7737275
7737301
7737367
7737397
7737400
7737404
7737429
7737437
7737438
7737441
7737468
7737482
7737486
7737543
7737558
7737585
7737601
7737602
7737613
7737614
7737616
7737625
7737628
7737640
7737649
7737651
7737653
7737659
7737662
7737668
7737679
7737685
7737718
7737728
7737740
7737752
7737757
7737763
7737766
7737771
7737773
7737784
7737788
7737790
7737792
7737804
7737811
7737831
7737854
7737864
7737873
7737880
7737900
7737901
7737911
7737918
7737926
7737930
7737932
7737939
7737946
7737949
7737958
7737963
7737980
7737988
7738006
7738020
7738022
7738023
7738033
7738034
7738036
7738037
7738039
7738046
7738048
7738056
7738070
7738075
7738077
7738095
7738108
7738130
7738135
7738136
7738143
7738144
7738150
7738157
7738167
7738173
7738175
7738176
7738185
7738188
7738206
7738233
7738234
7738236
7738246
7738252
7738255
7738274
7738278
7738283
7738298
7738312
7738314
7738318
7738332
7738348
7738351
7738356
7738360
7738370
7738391
7738399
7738400
7738404
7738418
7738421
7738434
7738450
7738451
7738452
7738485
7738492
7738500
7738522
7738544
7738576
7738587
7738589
7738590
7738603
7738614
7738617
7738633
7738641
7738642
7738646
7738657
7738677
7738681
7738689
7738742
7738757
7738769
7738825
7738841
7738845
7738868
7738873
7738905
7738906
7738954
7738955
7738971
7738991
7739000
7739003
7739011
7739036
7739049
7739052
7739053
7739054
7739073
7739085
7739090
7739099
7739111
7739115
7739118
7739120
7739128
7739148
7739153
7739158
7739159
7739178
7739192
7739200
7739209
7739212
7739227
7739259
7739268
7739276
7739278
7739283
7739286
7739296
7739299
7739305
7739307
7739314
7739321
7739328
7739358
7739387
7739419
7739440
7739441
7739442
7739465
7739474
7739479
7739499
7739501
7739502
7739509
7739514
7739520
7739522
7739528
7739552
7739560
7739570
7739581
7739585
7739586
7739597
7739605
7739606
7739626
7739632
7739639
7739649
7739650
7739652
7739674
7739681
7739684
7739685
7739694
7739695
7739700
7739701
7739712
7739717
7739728
7739729
7739734
7739766
7739804
7739815
7739821
7739850
7739854
7739857
7739862
7739863
7739865
7739866
7739869
7739880
7739894
7739895
7739899
7739900
7739904
7739911
7739916
7739932
7739933
7739956
7739958
7739961
7739970
7739976
7739979
7739981
7739984
7739986
7739987
7739989
7739992
7739994
7740000
7740003
7740004
7740006
7740013
7740024
7740026
7740039
7740044
7740046
7740082
7740094
7740097
7740103
7740105
7740108
7740120
7740129
7740140
7740142
7740144
7740146
7740150
7740151
7740157
7740172
7740179
7740198
7740222
7740223
7740236
7740237
7740242
7740260
7740264
7740273
7740274
7740299
7740302
7740316
7740328
7740347
7740373
7740379
7740380
7740388
7740396
7740399
7740408
7740420
7740447
7740455
7740465
7740467
7740469
7740474
7740476
7740490
7740503
7740519
7740533
7740534
7740544
7740549
7740556
7740572
7740581
7740588
7740592
7740605
7740609
7740613
7740616
7740623
7740626
7740632
7740642
7740644
7740650
7740670
7740682
7740703
7740724
7740726
7740730
7740735
7740737
7740751
7740758
7740775
7740791
7740798
7740810
7740811
7740820
7740838
7740842
7740851
7740855
7740865
7740891
7740892
7740906
7740911
7740912
7740931
7740955
7740958
7740966
7740978
7740987
7740999
7741006
7741017
7741028
7741035
7741046
7741054
7741056
7741058
7741075
7741076
7741081
7741091
7741094
7741095
7741098
7741099
7741101
7741102
7741105
7741107
7741109
7741115
7741119
7741125
7741133
7741138
7741139
7741142
7741153
7741157
7741188
7741194
7741212
7741213
7741226
7741241
7741268
7741283
7741294
7741300
7741306
7741330
7741332
7741350
7741353
7741354
7741369
7741382
7741384
7741385
7741397
7741409
7741430
7741434
7741450
7741453
7741457
7741458
7741463
7741479
7741492
7741505
7741524
7741525
7741534
7741538
7741542
7741546
7741551
7741563
7741567
7741571
7741574
7741580
7741581
7741587
7741595
7741596
7741610
7741635
7741642
7741649
7741672
7741681
7741682
7741690
7741692
7741698
7741709
7741710
7741740
7741744
7741747
7741756
7741764
7741769
7741772
7741790
7741802
7741805
7741808
7741818
7741838
7741845
7741849
7741850
7741858
7741863
7741868
7741874
7741879
7741881
7741882
7741889
7741897
7741911
7741912
7741916
7741920
7741928
7741936
7741938
7741943
7741961
7741988
7742006
7742013
7742026
7742027
7742036
7742049
7742058
7742070
7742074
7742079
7742100
7742138
7742140
7742146
7742153
7742161
7742167
7742168
7742185
7742190
7742195
7742199
7742209
7742212
7742214
7742229
7742263
7742278
7742303
7742312
7742322
7742332
7742338
7742341
7742342
7742343
7742351
7742352
7742373
7742376
7742379
7742392
7742395
7742396
7742397
7742402
7742405
7742420
7742425
7742439
7742440
7742444
7742453
7742459
7742460
7742462
7742464
7742468
7742474
7742492
7742501
7742505
7742525
7742532
7742538
7742542
7742546
7742547
7742563
7742567
7742570
7742585
7742590
7742595
7742604
7742616
7742635
7742640
7742644
7742660
7742674
7742677
7742679
7742683
7742705
7742723
7742727
7742732
7742743
7742751
7742765
7742770
7742777
7742787
7742792
7742793
7742799
7742801
7742806
7742834
7742842
7742863
7742867
7742885
7742902
7742919
7742920
7742921
7742941
7742944
7742979
7742984
7742992
7742998
7743001
7743003
7743017
7743052
7743069
7743088
7743090
7743128
7743146
7743163
7743176
7743185
7743200
7743234
7743238
7743244
7743245
7743251
7743261
7743263
7743314
7743323
7743331
7743346
7743363
7743369
7743371
7743378
7743380
7743386
7743396
7743402
7743407
7743425
7743428
7743445
7743448
7743452
7743477
7743480
7743481
7743482
7743487
7743493
7743496
7743504
7743511
7743512
7743526
7743528
7743530
7743531
7743532
7743538
7743541
7743566
7743567
7743570
7743585
7743591
7743594
7743597
7743605
7743626
7743647
7743656
7743662
7743663
7743664
7743670
7743684
7743703
7743707
7743718
7743721
7743731
7743734
7743736
7743749
7743756
7743770
7743772
7743778
7743788
7743798
7743800
7743803
7743810
7743816
7743824
7743829
7743834
7743838
7743841
7743847
7743867
7743872
7743876
7743878
7743886
7743899
7743915
7743916
7743939
7743942
7743946
7743947
7743956
7743961
7743964
7743965
7743973
7743981
7743982
7743985
7743986
7743987
7743997
7743999
7744004
7744024
7744025
7744031
7744057
7744069
7744075
7744082
7744087
7744090
7744094
7744100
7744101
7744122
7744128
7744131
7744176
7744178
7744198
7744205
7744250
7744271
7744274
7744284
7744290
7744296
7744300
7744306
7744317
7744322
7744326
7744338
7744349
7744358
7744359
7744373
7744396
7744397
7744399
7744409
7744414
7744423
7744425
7744434
7744438
7744446
7744473
7744475
7744482
7744492
7744504
7744509
7744532
7744534
7744535
7744551
7744570
7744573
7744578
7744580
7744589
7744592
7744598
7744599
7744624
7744645
7744653
7744665
7744666
7744675
7744681
7744682
7744688
7744697
7744702
7744705
7744721
7744737
7744740
7744748
7744760
7744762
7744767
7744771
7744782
7744791